0		1		
0.5		33.3206		
1		3.71401		
1.5		-32.7951		
2		-8.35368		
2.5		31.6133		
3		12.8262		
3.5		-29.7987		
4		-17.0419		
4.5		27.3877		
5		20.9166		
5.5		-24.4286		
6		-24.3726		
6.5		20.9805		
7		27.3408		
7.5		-17.1125		
8		-29.7618		
8.5		12.9019		
9		31.5871		
9.5		-8.43317		
10		-32.7801		
10.5		3.79562		
11		33.3171		
11.5		0.917903		
12		-33.1873		
12.5		-5.61305		
13		32.3932		
13.5		10.1959		
14		-30.9507		
14.5		-14.5746		
15		28.8888		
15.5		18.6616		
16		-26.2486		
16.5		-22.3751		
17		23.0831		
17.5		25.6408		
18		-19.4556		
18.5		-28.3933		
19		15.4387		
19.5		30.5774		
20		-11.1128		
20.5		-32.1496		
21		6.56442		
21.5		33.0783		
22		-1.88469		
22.5		-33.3449		
23		-2.83277		
23.5		32.9442		
24		7.49353		
24.5		-31.884		
25		-12.0043		
25.5		30.1857		
26		16.2748		
26.5		-27.8833		
27		-20.2196		
27.5		25.0227		
28		23.7597		
28.5		-21.6613		
29		-26.8242		
29.5		17.8664		
30		29.3518		
30.5		-13.7139		
31		-31.292		
31.5		9.28685		
32		32.6058		
32.5		-4.67396		
33		-33.2671		
33.5		-0.0324783		
34		33.2625		
34.5		4.73827		
35		-32.5921		
35.5		-9.34922		
36		31.2695		
36.5		13.773		
37		-29.3209		
37.5		-17.9212		
38		26.7855		
38.5		21.7107		
39		-23.714		
39.5		-25.0656		
40		20.1679		
40.5		27.9188		
41		-16.2181		
41.5		-30.2133		
42		11.9437		
42.5		31.903		
43		-7.43022		
43.5		-32.9542		
44		2.76804		
44.5		33.3458		
45		1.94954		
45.5		-33.07		
46		-6.62809		
46.5		32.1323		
47		11.174		
47.5		-30.5515		
48		-15.4962		
48.5		28.3591		
49		19.5083		
49.5		-25.5992		
50		-23.13		
50.5		22.3269		
51		26.2886		
51.5		-18.6077		
52		-28.9212		
52.5		14.5161		
53		30.9748		
53.5		-10.134		
54		-32.4085		
54.5		5.54901		
55		33.1936		
55.5		-0.852969		
56		-33.3142		
56.5		-3.86014		
57		32.7681		
57.5		8.496		
58		-31.5662		
58.5		-12.9618		
59		29.7324		
59.5		17.1682		
60		-27.3035		
60.5		-21.0309		
61		24.3282		
61.5		24.4727		
62		-20.8659		
62.5		-27.4247		
63		16.986		
63.5		29.8278		
64		-12.7662		
64.5		-31.6339		
65		8.29078		
65.5		32.8069		
66		-3.64945		
66.5		-33.3232		
67		-1.06493		
67.5		33.1725		
68		5.75798		
68.5		-32.3579		
69		-10.3358		
69.5		30.8956		
70		14.7067		
70.5		-28.815		
71		-18.7833		
71.5		26.1577		
72		22.484		
72.5		-22.9767		
73		-25.7346		
73.5		19.336		
74		28.4701		
74.5		-15.3082		
75		-30.6358		
75.5		10.974		
76		32.1884		
76.5		-6.42015		
77		-33.0967		
77.5		1.73782		
78		33.3425		
78.5		2.9793		
79		-32.921		
79.5		-7.63678		
80		31.8406		
80.5		12.1414		
81		-30.1229		
81.5		-16.403		
82		27.8023		
82.5		20.3364		
83		-24.9252		
83.5		-23.8626		
84		21.5493		
84.5		26.9113		
85		-17.742		
85.5		-29.4213		
86		13.5797		
86.5		31.3425		
87		-9.14549		
87.5		-32.6364		
88		4.52828		
88.5		33.277		
89		0.179565		
89.5		-33.2516		
90		-4.88382		
90.5		32.5607		
91		9.49032		
91.5		-31.218		
92		-13.9069		
92.5		29.2506		
93		18.0451		
93.5		-26.6977		
94		-21.8221		
94.5		23.6104		
95		25.1624		
95.5		-20.0506		
96		-27.999		
96.5		16.0894		
97		30.2753		
97.5		-11.8062		
98		-31.9455		
98.5		7.28676		
99		32.9764		
99.5		-2.62144		
100		-33.3473		
100.5		-2.09635		
101		33.0507		
101.5		6.77218		
102		-32.0926		
102.5		-11.3125		
103		30.4922		
103.5		15.6263		
104		-28.2815		
104.5		-19.6274		
105		25.5047		
105.5		23.2357		
106		-22.2174		
106.5		-26.3789		
107		18.4855		
107.5		28.9941		
108		-14.3836		
108.5		-31.029		
109		9.99376		
109.5		32.4429		
110		-5.40392		
110.5		-33.2074		
111		0.705922		
111.5		33.3073		
112		4.0062		
112.5		-32.7405		
113		-8.63815		
113.5		31.5184		
114		13.0972		
114.5		-29.6655		
115		-17.2941		
115.5		27.2188		
116		21.1449		
116.5		-24.2274		
117		-24.5724		
117.5		20.751		
118		27.5082		
118.5		-16.8593		
119		-29.8933		
119.5		12.6302		
120		31.6802		
120.5		-8.14823		
121		-32.8329		
121.5		3.50321		
122		33.3285		
122.5		1.21193		
123		-33.1571		
123.5		-5.90281		
124		32.322		
124.5		10.4755		
125		-30.84		
125.5		-14.8386		
126		28.7407		
126.5		18.9047		
127		-26.0662		
127.5		-22.5924		
128		22.8699		
128.5		25.8279		
129		-19.2159		
129.5		-28.5464		
130		15.1773		
130.5		30.6937		
131		-10.835		
131.5		-32.2265		
132		6.27575		
132.5		33.1144		
133		-1.59091		
133.5		-33.3395		
134		-3.12577		
134.5		32.8972		
135		7.77988		
135.5		-31.7966		
136		-12.2783		
136.5		30.0595		
137		16.5309		
137.5		-27.7208		
138		-20.4527		
138.5		24.8273		
139		23.9652		
139.5		-21.4368		
140		-26.9979		
140.5		17.6173		
141		29.4903		
141.5		-13.4452		
142		-31.3925		
142.5		9.00396		
143		32.6663		
143.5		-4.38251		
144		-33.2863		
144.5		-0.326648		
145		33.2401		
145.5		5.02927		
146		-32.5286		
146.5		-9.63123		
147		31.166		
147.5		14.0404		
148		-29.1796		
148.5		-18.1686		
149		26.6093		
149.5		21.9331		
150		-23.5063		
150.5		-25.2587		
151		19.9328		
151.5		28.0786		
152		-15.9604		
152.5		-30.3366		
153		11.6686		
153.5		31.9874		
154		-7.14315		
154.5		-32.998		
155		2.47478		
155.5		33.3481		
156		2.24313		
156.5		-33.0308		
157		-6.91614		
157.5		32.0523		
158		11.4507		
158.5		-30.4323		
159		-15.7561		
159.5		28.2033		
160		19.7462		
160.5		-25.4097		
161		-23.341		
161.5		22.1075		
162		26.4686		
162.5		-18.3629		
163		-29.0665		
163.5		14.2507		
164		31.0826		
164.5		-9.85333		
165		-32.4766		
165.5		5.25872		
166		33.2206		
166.5		-0.558861		
167		-33.2997		
167.5		-4.15219		
168		32.7122		
168.5		8.78013		
169		-31.4701		
169.5		-13.2323		
170		29.598		
170.5		17.4197		
171		-27.1336		
171.5		-21.2584		
172		24.1261		
172.5		24.6716		
173		-20.6357		
173.5		-27.591		
174		16.7322		
174.5		29.9582		
175		-12.4939		
175.5		-31.7258		
176		8.00552		
176.5		32.8584		
177		-3.3569		
177.5		-33.3333		
178		-1.35891		
178.5		33.141		
179		6.04751		
179.5		-32.2855		
180		-10.6151		
180.5		30.7837		
181		14.9702		
181.5		-28.6658		
182		-19.0257		
182.5		25.9742		
183		22.7003		
183.5		-22.7626		
184		-25.9207		
184.5		19.0955		
185		28.6222		
185.5		-15.0462		
186		-30.7509		
186.5		10.6958		
187		32.264		
187.5		-6.13123		
188		-33.1315		
188.5		1.44398		
189		33.3357		
189.5		3.27218		
190		-32.8728		
190.5		-7.92284		
191		31.7519		
191.5		12.4149		
192		-29.9955		
192.5		-16.6585		
193		27.6388		
193.5		20.5687		
194		-24.7288		
194.5		-24.0672		
195		21.3239		
195.5		27.084		
196		-17.4923		
196.5		-29.5587		
197		13.3105		
197.5		31.4418		
198		-8.86224		
198.5		-32.6956		
199		4.23666		
199.5		33.2949		
200		0.473725		
