0		150.019
0.05		150.074
0.1		150.161
0.15		150.271
0.2		150.395
0.25		150.521
0.3		150.639
0.35		150.738
0.4		150.808
0.45		150.844
0.5		150.843
0.55		150.804
0.6		150.731
0.65		150.631
0.7		150.512
0.75		150.385
0.8		150.262
0.85		150.153
0.9		150.069
0.95		150.016
1		150
1.05		150.022
1.1		150.08
1.15		150.168
1.2		150.28
1.25		150.404
1.3		150.531
1.35		150.647
1.4		150.744
1.45		150.812
1.5		150.846
1.55		150.841
1.6		150.8
1.65		150.724
1.7		150.622
1.75		150.502
1.8		150.376
1.85		150.253
1.9		150.146
1.95		150.064
2		150.014
2.05		150
2.1		150.025
2.15		150.085
2.2		150.176
2.25		150.289
2.3		150.414
2.35		150.54
2.4		150.656
2.45		150.75
2.5		150.816
2.55		150.847
2.6		150.839
2.65		150.795
2.7		150.718
2.75		150.614
2.8		150.493
2.85		150.366
2.9		150.244
2.95		150.139
3		150.059
3.05		150.011
3.1		150.001
3.15		150.028
3.2		150.091
3.25		150.184
3.3		150.298
3.35		150.424
3.4		150.549
3.45		150.664
3.5		150.757
3.55		150.82
3.6		150.847
3.65		150.837
3.7		150.79
3.75		150.71
3.8		150.605
3.85		150.483
3.9		150.357
3.95		150.236
4		150.132
4.05		150.054
4.1		150.009
4.15		150.002
4.2		150.032
4.25		150.097
4.3		150.192
4.35		150.308
4.4		150.433
4.45		150.558
4.5		150.672
4.55		150.762
4.6		150.823
4.65		150.848
4.7		150.835
4.75		150.785
4.8		150.703
4.85		150.596
4.9		150.474
4.95		150.347
5		150.227
5.05		150.125
5.1		150.049
5.15		150.007
5.2		150.003
5.25		150.036
5.3		150.104
5.35		150.2
5.4		150.317
5.45		150.443
5.5		150.568
5.55		150.679
5.6		150.768
5.65		150.826
5.7		150.848
5.75		150.833
5.8		150.78
5.85		150.696
5.9		150.587
5.95		150.464
6		150.338
6.05		150.219
6.1		150.118
6.15		150.045
6.2		150.006
6.25		150.004
6.3		150.04
6.35		150.11
6.4		150.208
6.45		150.326
6.5		150.453
6.55		150.577
6.6		150.687
6.65		150.774
6.7		150.829
6.75		150.849
6.8		150.83
6.85		150.775
6.9		150.688
6.95		150.578
7		150.455
7.05		150.328
7.1		150.21
7.15		150.111
7.2		150.041
7.25		150.004
7.3		150.005
7.35		150.044
7.4		150.117
7.45		150.217
7.5		150.336
7.55		150.462
7.6		150.586
7.65		150.694
7.7		150.779
7.75		150.832
7.8		150.848
7.85		150.827
7.9		150.769
7.95		150.681
8		150.569
8.05		150.445
8.1		150.319
8.15		150.202
8.2		150.105
8.25		150.037
8.3		150.003
8.35		150.007
8.4		150.048
8.45		150.123
8.5		150.225
8.55		150.345
8.6		150.472
8.65		150.594
8.7		150.702
8.75		150.784
8.8		150.835
8.85		150.848
8.9		150.824
8.95		150.764
9		150.673
9.05		150.56
9.1		150.435
9.15		150.309
9.2		150.194
9.25		150.099
9.3		150.033
9.35		150.002
9.4		150.009
9.45		150.053
9.5		150.13
9.55		150.234
9.6		150.355
9.65		150.481
9.7		150.603
9.75		150.709
9.8		150.789
9.85		150.837
9.9		150.848
9.95		150.82
10		150.758
10.05		150.665
10.1		150.551
10.15		150.426
10.2		150.3
10.25		150.186
10.3		150.093
10.35		150.029
10.4		150.001
10.45		150.011
10.5		150.058
10.55		150.137
10.6		150.243
10.65		150.364
10.7		150.491
10.75		150.612
10.8		150.716
10.85		150.794
10.9		150.839
10.95		150.847
11		150.817
11.05		150.752
11.1		150.657
11.15		150.542
11.2		150.416
11.25		150.291
11.3		150.178
11.35		150.087
11.4		150.026
11.45		150.001
11.5		150.013
11.55		150.063
11.6		150.144
11.65		150.251
11.7		150.374
11.75		150.501
11.8		150.621
11.85		150.723
11.9		150.799
11.95		150.841
12		150.846
12.05		150.813
12.1		150.745
12.15		150.649
12.2		150.533
12.25		150.406
12.3		150.282
12.35		150.17
12.4		150.081
12.45		150.023
12.5		150
12.55		150.016
12.6		150.068
12.65		150.152
12.7		150.26
12.75		150.383
12.8		150.51
12.85		150.629
12.9		150.73
12.95		150.803
13		150.843
13.05		150.845
13.1		150.809
13.15		150.739
13.2		150.641
13.25		150.523
13.3		150.397
13.35		150.273
13.4		150.162
13.45		150.075
13.5		150.02
13.55		150
13.6		150.018
13.65		150.073
13.7		150.159
13.75		150.269
13.8		150.393
13.85		150.519
13.9		150.637
13.95		150.736
14		150.807
14.05		150.844
14.1		150.843
14.15		150.805
14.2		150.733
14.25		150.633
14.3		150.514
14.35		150.387
14.4		150.264
14.45		150.155
14.5		150.07
14.55		150.017
14.6		150
14.65		150.021
14.7		150.079
14.75		150.167
14.8		150.278
14.85		150.402
14.9		150.529
14.95		150.646
15		150.743
15.05		150.811
15.1		150.845
15.15		150.842
15.2		150.801
15.25		150.726
15.3		150.624
15.35		150.504
15.4		150.378
15.45		150.255
15.5		150.147
15.55		150.065
15.6		150.014
15.65		150
15.7		150.024
15.75		150.084
15.8		150.175
15.85		150.287
15.9		150.412
15.95		150.538
16		150.654
16.05		150.749
16.1		150.815
16.15		150.846
16.2		150.84
16.25		150.796
16.3		150.719
16.35		150.616
16.4		150.495
16.45		150.368
16.5		150.246
16.55		150.14
16.6		150.06
16.65		150.012
16.7		150.001
16.75		150.028
16.8		150.09
16.85		150.182
16.9		150.296
16.95		150.422
17		150.547
17.05		150.662
17.1		150.755
17.15		150.819
17.2		150.847
17.25		150.838
17.3		150.791
17.35		150.712
17.4		150.607
17.45		150.485
17.5		150.359
17.55		150.237
17.6		150.133
17.65		150.055
17.7		150.01
17.75		150.002
17.8		150.031
17.85		150.096
17.9		150.19
17.95		150.306
18		150.431
18.05		150.557
18.1		150.67
18.15		150.761
18.2		150.822
18.25		150.848
18.3		150.836
18.35		150.786
18.4		150.705
18.45		150.598
18.5		150.476
18.55		150.349
18.6		150.229
18.65		150.126
18.7		150.05
18.75		150.008
18.8		150.003
18.85		150.035
18.9		150.102
18.95		150.199
19		150.315
19.05		150.441
19.1		150.566
19.15		150.678
19.2		150.767
19.25		150.826
19.3		150.848
19.35		150.833
19.4		150.781
19.45		150.697
19.5		150.589
19.55		150.466
19.6		150.34
19.65		150.22
19.7		150.119
19.75		150.046
19.8		150.006
19.85		150.004
19.9		150.039
19.95		150.109
20		150.207
20.05		150.324
20.1		150.451
20.15		150.575
20.2		150.685
20.25		150.773
20.3		150.829
20.35		150.849
20.4		150.83
20.45		150.776
20.5		150.69
20.55		150.58
20.6		150.457
20.65		150.33
20.7		150.212
20.75		150.113
20.8		150.042
20.85		150.005
20.9		150.005
20.95		150.043
21		150.115
21.05		150.215
21.1		150.334
21.15		150.46
21.2		150.584
21.25		150.693
21.3		150.778
21.35		150.831
21.4		150.848
21.45		150.828
21.5		150.77
21.55		150.682
21.6		150.571
21.65		150.447
21.7		150.321
21.75		150.204
21.8		150.106
21.85		150.037
21.9		150.003
21.95		150.007
22		150.047
22.05		150.122
22.1		150.224
22.15		150.343
22.2		150.47
22.25		150.593
22.3		150.7
22.35		150.783
22.4		150.834
22.45		150.848
22.5		150.824
22.55		150.765
22.6		150.675
22.65		150.562
22.7		150.437
22.75		150.311
22.8		150.195
22.85		150.1
22.9		150.034
22.95		150.002
23		150.008
23.05		150.052
23.1		150.129
23.15		150.232
23.2		150.353
23.25		150.479
23.3		150.601
23.35		150.708
23.4		150.788
23.45		150.836
23.5		150.848
23.55		150.821
23.6		150.759
23.65		150.667
23.7		150.553
23.75		150.428
23.8		150.302
23.85		150.187
23.9		150.094
23.95		150.03
24		150.001
24.05		150.01
24.1		150.057
24.15		150.136
24.2		150.241
24.25		150.362
24.3		150.489
24.35		150.61
24.4		150.715
24.45		150.793
24.5		150.839
24.55		150.847
24.6		150.818
24.65		150.753
24.7		150.659
24.75		150.544
24.8		150.418
24.85		150.293
24.9		150.179
24.95		150.088
25		150.026
25.05		150.001
25.1		150.013
25.15		150.062
25.2		150.143
25.25		150.249
25.3		150.372
25.35		150.499
25.4		150.619
25.45		150.722
25.5		150.798
25.55		150.841
25.6		150.846
25.65		150.814
25.7		150.747
25.75		150.651
25.8		150.535
25.85		150.408
25.9		150.284
25.95		150.172
26		150.082
26.05		150.023
26.1		150
26.15		150.015
26.2		150.067
26.25		150.15
26.3		150.258
26.35		150.381
26.4		150.508
26.45		150.627
26.5		150.728
26.55		150.802
26.6		150.842
26.65		150.845
26.7		150.81
26.75		150.74
26.8		150.643
26.85		150.525
26.9		150.399
26.95		150.275
27		150.164
27.05		150.077
27.1		150.02
27.15		150
27.2		150.018
27.25		150.072
27.3		150.158
27.35		150.267
27.4		150.391
27.45		150.517
27.5		150.636
27.55		150.735
27.6		150.807
27.65		150.844
27.7		150.844
27.75		150.806
27.8		150.734
27.85		150.634
27.9		150.516
27.95		150.389
28		150.266
28.05		150.156
28.1		150.071
28.15		150.017
28.2		150
28.25		150.021
28.3		150.077
28.35		150.165
28.4		150.276
28.45		150.4
28.5		150.527
28.55		150.644
28.6		150.742
28.65		150.811
28.7		150.845
28.75		150.842
28.8		150.802
28.85		150.727
28.9		150.626
28.95		150.506
29		150.38
29.05		150.257
29.1		150.149
29.15		150.066
29.2		150.015
29.25		150
29.3		150.024
29.35		150.083
29.4		150.173
29.45		150.285
29.5		150.41
29.55		150.536
29.6		150.652
29.65		150.748
29.7		150.815
29.75		150.846
29.8		150.84
29.85		150.797
29.9		150.72
29.95		150.617
30		150.497
30.05		150.37
30.1		150.248
30.15		150.142
30.2		150.061
30.25		150.012
30.3		150.001
30.35		150.027
30.4		150.089
30.45		150.181
30.5		150.294
30.55		150.42
30.6		150.545
30.65		150.66
30.7		150.754
30.75		150.818
30.8		150.847
30.85		150.838
30.9		150.792
30.95		150.713
31		150.609
31.05		150.487
31.1		150.36
31.15		150.239
31.2		150.135
31.25		150.056
31.3		150.01
31.35		150.001
31.4		150.031
31.45		150.095
31.5		150.189
31.55		150.304
31.6		150.429
31.65		150.555
31.7		150.668
31.75		150.76
31.8		150.822
31.85		150.848
31.9		150.836
31.95		150.787
32		150.706
32.05		150.6
32.1		150.478
32.15		150.351
32.2		150.231
32.25		150.128
32.3		150.051
32.35		150.008
32.4		150.002
32.45		150.034
32.5		150.101
32.55		150.197
32.6		150.313
32.65		150.439
32.7		150.564
32.75		150.676
32.8		150.766
32.85		150.825
32.9		150.848
32.95		150.834
33		150.782
33.05		150.699
33.1		150.591
33.15		150.468
33.2		150.341
33.25		150.222
33.3		150.121
33.35		150.047
33.4		150.006
33.45		150.003
33.5		150.038
33.55		150.107
33.6		150.205
33.65		150.322
33.7		150.449
33.75		150.573
33.8		150.684
33.85		150.771
33.9		150.828
33.95		150.848
34		150.831
34.05		150.777
34.1		150.692
34.15		150.582
34.2		150.459
34.25		150.332
34.3		150.214
34.35		150.114
34.4		150.042
34.45		150.005
34.5		150.005
34.55		150.042
34.6		150.114
34.65		150.213
34.7		150.332
34.75		150.458
34.8		150.582
34.85		150.691
34.9		150.777
34.95		150.831
35		150.848
35.05		150.828
35.1		150.772
35.15		150.684
35.2		150.573
35.25		150.449
35.3		150.323
35.35		150.205
35.4		150.108
35.45		150.038
35.5		150.003
35.55		150.006
35.6		150.047
35.65		150.121
35.7		150.222
35.75		150.341
35.8		150.468
35.85		150.591
35.9		150.699
35.95		150.782
36		150.834
36.05		150.848
36.1		150.825
36.15		150.766
36.2		150.676
36.25		150.564
36.3		150.439
36.35		150.313
36.4		150.197
36.45		150.101
36.5		150.034
36.55		150.002
36.6		150.008
36.65		150.051
36.7		150.127
36.75		150.23
36.8		150.351
36.85		150.477
36.9		150.6
36.95		150.706
37		150.787
37.05		150.836
37.1		150.848
37.15		150.822
37.2		150.76
37.25		150.669
37.3		150.555
37.35		150.43
37.4		150.304
37.45		150.189
37.5		150.095
37.55		150.031
37.6		150.001
37.65		150.01
37.7		150.056
37.75		150.134
37.8		150.239
37.85		150.36
37.9		150.487
37.95		150.608
38		150.713
38.05		150.792
38.1		150.838
38.15		150.847
38.2		150.818
38.25		150.754
38.3		150.661
38.35		150.546
38.4		150.42
38.45		150.295
38.5		150.181
38.55		150.089
38.6		150.027
38.65		150.001
38.7		150.012
38.75		150.061
38.8		150.141
38.85		150.248
38.9		150.37
38.95		150.497
39		150.617
39.05		150.72
39.1		150.797
39.15		150.84
39.2		150.846
39.25		150.815
39.3		150.748
39.35		150.653
39.4		150.537
39.45		150.41
39.5		150.286
39.55		150.173
39.6		150.083
39.65		150.024
39.7		150
39.75		150.015
39.8		150.066
39.85		150.149
39.9		150.256
39.95		150.379
40		150.506
40.05		150.626
40.1		150.727
40.15		150.801
40.2		150.842
40.25		150.845
40.3		150.811
40.35		150.742
40.4		150.644
40.45		150.527
40.5		150.401
40.55		150.277
40.6		150.166
40.65		150.078
40.7		150.021
40.75		150
40.8		150.017
40.85		150.071
40.9		150.156
40.95		150.265
41		150.389
41.05		150.516
41.1		150.634
41.15		150.734
41.2		150.806
41.25		150.844
41.3		150.844
41.35		150.807
41.4		150.735
41.45		150.636
41.5		150.518
41.55		150.391
41.6		150.268
41.65		150.158
41.7		150.072
41.75		150.018
41.8		150
41.85		150.02
41.9		150.076
41.95		150.164
42		150.274
42.05		150.398
42.1		150.525
42.15		150.642
42.2		150.74
42.25		150.81
42.3		150.845
42.35		150.842
42.4		150.802
42.45		150.729
42.5		150.628
42.55		150.508
42.6		150.382
42.65		150.259
42.7		150.151
42.75		150.067
42.8		150.015
42.85		150
42.9		150.023
42.95		150.082
43		150.171
43.05		150.283
43.1		150.408
43.15		150.534
43.2		150.651
43.25		150.747
43.3		150.814
43.35		150.846
43.4		150.841
43.45		150.798
43.5		150.722
43.55		150.619
43.6		150.499
43.65		150.372
43.7		150.25
43.75		150.143
43.8		150.062
43.85		150.013
43.9		150.001
43.95		150.026
44		150.088
44.05		150.179
44.1		150.293
44.15		150.418
44.2		150.544
44.25		150.659
44.3		150.753
44.35		150.817
44.4		150.847
44.45		150.839
44.5		150.793
44.55		150.715
44.6		150.61
44.65		150.489
44.7		150.362
44.75		150.241
44.8		150.136
44.85		150.057
44.9		150.011
44.95		150.001
45		150.03
45.05		150.094
45.1		150.187
45.15		150.302
45.2		150.427
45.25		150.553
45.3		150.667
45.35		150.759
45.4		150.821
45.45		150.848
45.5		150.837
45.55		150.788
45.6		150.708
45.65		150.602
45.7		150.48
45.75		150.353
45.8		150.232
45.85		150.129
45.9		150.052
45.95		150.009
46		150.002
46.05		150.033
46.1		150.1
46.15		150.195
46.2		150.311
46.25		150.437
46.3		150.562
46.35		150.674
46.4		150.765
46.45		150.824
46.5		150.848
46.55		150.834
46.6		150.783
46.65		150.701
46.7		150.593
46.75		150.47
46.8		150.343
46.85		150.224
46.9		150.122
46.95		150.048
47		150.007
47.05		150.003
47.1		150.037
47.15		150.106
47.2		150.203
47.25		150.32
47.3		150.447
47.35		150.571
47.4		150.682
47.45		150.77
47.5		150.827
47.55		150.848
47.6		150.832
47.65		150.778
47.7		150.693
47.75		150.584
47.8		150.461
47.85		150.334
47.9		150.215
47.95		150.116
48		150.043
48.05		150.005
48.1		150.004
48.15		150.041
48.2		150.113
48.25		150.212
48.3		150.33
48.35		150.456
48.4		150.58
48.45		150.69
48.5		150.776
48.55		150.83
48.6		150.849
48.65		150.829
48.7		150.773
48.75		150.686
48.8		150.575
48.85		150.451
48.9		150.325
48.95		150.207
49		150.109
49.05		150.039
49.1		150.004
49.15		150.006
49.2		150.046
49.25		150.119
49.3		150.22
49.35		150.339
49.4		150.466
49.45		150.589
49.5		150.697
49.55		150.781
49.6		150.833
49.65		150.848
49.7		150.826
49.75		150.767
49.8		150.678
49.85		150.566
49.9		150.441
49.95		150.315
50		150.199
50.05		150.103
50.1		150.035
50.15		150.003
50.2		150.008
50.25		150.05
50.3		150.126
50.35		150.229
50.4		150.349
50.45		150.476
50.5		150.598
50.55		150.705
50.6		150.786
50.65		150.835
50.7		150.848
50.75		150.823
50.8		150.761
50.85		150.67
50.9		150.557
50.95		150.432
51		150.306
51.05		150.191
51.1		150.096
51.15		150.031
51.2		150.002
51.25		150.01
51.3		150.055
51.35		150.133
51.4		150.237
51.45		150.358
51.5		150.485
51.55		150.607
51.6		150.712
51.65		150.791
51.7		150.838
51.75		150.847
51.8		150.819
51.85		150.755
51.9		150.662
51.95		150.548
52		150.422
52.05		150.297
52.1		150.183
52.15		150.09
52.2		150.028
52.25		150.001
52.3		150.012
52.35		150.06
52.4		150.14
52.45		150.246
52.5		150.368
52.55		150.495
52.6		150.615
52.65		150.719
52.7		150.796
52.75		150.84
52.8		150.847
52.85		150.815
52.9		150.749
52.95		150.654
53		150.538
53.05		150.412
53.1		150.288
53.15		150.175
53.2		150.085
53.25		150.025
53.3		150
53.35		150.014
53.4		150.065
53.45		150.147
53.5		150.255
53.55		150.377
53.6		150.504
53.65		150.624
53.7		150.726
53.75		150.8
53.8		150.842
53.85		150.845
53.9		150.812
53.95		150.743
54		150.646
54.05		150.529
54.1		150.403
54.15		150.278
54.2		150.167
54.25		150.079
54.3		150.021
54.35		150
54.4		150.017
54.45		150.07
54.5		150.155
54.55		150.264
54.6		150.387
54.65		150.514
54.7		150.632
54.75		150.732
54.8		150.805
54.85		150.843
54.9		150.844
54.95		150.808
55		150.737
55.05		150.638
55.1		150.52
55.15		150.393
55.2		150.269
55.25		150.16
55.3		150.073
55.35		150.019
55.4		150
55.45		150.019
55.5		150.075
55.55		150.162
55.6		150.273
55.65		150.396
55.7		150.523
55.75		150.641
55.8		150.739
55.85		150.809
55.9		150.845
55.95		150.843
56		150.803
56.05		150.73
56.1		150.629
56.15		150.51
56.2		150.384
56.25		150.261
56.3		150.152
56.35		150.068
56.4		150.016
56.45		150
56.5		150.022
56.55		150.081
56.6		150.17
56.65		150.282
56.7		150.406
56.75		150.532
56.8		150.649
56.85		150.745
56.9		150.813
56.95		150.846
57		150.841
57.05		150.799
57.1		150.723
57.15		150.621
57.2		150.501
57.25		150.374
57.3		150.252
57.35		150.145
57.4		150.063
57.45		150.013
57.5		150.001
57.55		150.026
57.6		150.086
57.65		150.178
57.7		150.291
57.75		150.416
57.8		150.542
57.85		150.657
57.9		150.751
57.95		150.817
58		150.847
58.05		150.839
58.1		150.794
58.15		150.716
58.2		150.612
58.25		150.491
58.3		150.364
58.35		150.243
58.4		150.138
58.45		150.058
58.5		150.011
58.55		150.001
58.6		150.029
58.65		150.092
58.7		150.185
58.75		150.3
58.8		150.425
58.85		150.551
58.9		150.665
58.95		150.758
59		150.82
59.05		150.848
59.1		150.837
59.15		150.789
59.2		150.709
59.25		150.604
59.3		150.482
59.35		150.355
59.4		150.234
59.45		150.131
59.5		150.053
59.55		150.009
59.6		150.002
59.65		150.033
59.7		150.099
59.75		150.193
59.8		150.309
59.85		150.435
59.9		150.56
59.95		150.673
60		150.763
60.05		150.824
60.1		150.848
60.15		150.835
60.2		150.784
60.25		150.702
60.3		150.595
60.35		150.472
60.4		150.345
60.45		150.226
60.5		150.124
60.55		150.049
60.6		150.007
60.65		150.003
60.7		150.037
60.75		150.105
60.8		150.202
60.85		150.318
60.9		150.445
60.95		150.569
61		150.681
61.05		150.769
61.1		150.827
61.15		150.848
61.2		150.832
61.25		150.779
61.3		150.695
61.35		150.586
61.4		150.463
61.45		150.336
61.5		150.217
61.55		150.117
61.6		150.044
61.65		150.005
61.7		150.004
61.75		150.041
61.8		150.111
61.85		150.21
61.9		150.328
61.95		150.454
62		150.578
62.05		150.688
62.1		150.775
62.15		150.83
62.2		150.849
62.25		150.829
62.3		150.774
62.35		150.687
62.4		150.577
62.45		150.453
62.5		150.327
62.55		150.209
62.6		150.11
62.65		150.04
62.7		150.004
62.75		150.006
62.8		150.045
62.85		150.118
62.9		150.218
62.95		150.337
63		150.464
63.05		150.587
63.1		150.696
63.15		150.78
63.2		150.832
63.25		150.848
63.3		150.826
63.35		150.768
63.4		150.68
63.45		150.568
63.5		150.443
63.55		150.317
63.6		150.201
63.65		150.104
63.7		150.036
63.75		150.003
63.8		150.007
63.85		150.049
63.9		150.125
63.95		150.227
64		150.347
64.05		150.474
64.1		150.596
64.15		150.703
64.2		150.785
64.25		150.835
64.3		150.848
64.35		150.823
64.4		150.763
64.45		150.672
64.5		150.559
64.55		150.434
64.6		150.308
64.65		150.192
64.7		150.098
64.75		150.032
64.8		150.002
64.85		150.009
64.9		150.054
64.95		150.131
65		150.235
65.05		150.356
65.1		150.483
65.15		150.605
65.2		150.71
65.25		150.79
65.3		150.837
65.35		150.847
65.4		150.82
65.45		150.757
65.5		150.664
65.55		150.55
65.6		150.424
65.65		150.299
65.7		150.184
65.75		150.092
65.8		150.029
65.85		150.001
65.9		150.011
65.95		150.059
66		150.139
66.05		150.244
66.1		150.366
66.15		150.493
66.2		150.613
66.25		150.717
66.3		150.795
66.35		150.839
66.4		150.847
66.45		150.816
66.5		150.751
66.55		150.656
66.6		150.54
66.65		150.414
66.7		150.289
66.75		150.176
66.8		150.086
66.85		150.025
66.9		150
66.95		150.014
67		150.064
67.05		150.146
67.1		150.253
67.15		150.375
67.2		150.502
67.25		150.622
67.3		150.724
67.35		150.8
67.4		150.841
67.45		150.846
67.5		150.812
67.55		150.744
67.6		150.648
67.65		150.531
67.7		150.405
67.75		150.28
67.8		150.169
67.85		150.08
67.9		150.022
67.95		150
68		150.016
68.05		150.069
68.1		150.153
68.15		150.262
68.2		150.385
68.25		150.512
68.3		150.63
68.35		150.731
68.4		150.804
68.45		150.843
68.5		150.844
68.55		150.808
68.6		150.738
68.65		150.639
68.7		150.522
68.75		150.395
68.8		150.271
68.85		150.161
68.9		150.074
68.95		150.019
69		150
69.05		150.019
69.1		150.074
69.15		150.161
69.2		150.271
69.25		150.394
69.3		150.521
69.35		150.639
69.4		150.738
69.45		150.808
69.5		150.844
69.55		150.843
69.6		150.804
69.65		150.731
69.7		150.631
69.75		150.512
69.8		150.386
69.85		150.262
69.9		150.154
69.95		150.069
70		150.016
70.05		150
70.1		150.022
70.15		150.08
70.2		150.168
70.25		150.28
70.3		150.404
70.35		150.53
70.4		150.647
70.45		150.744
70.5		150.812
70.55		150.846
70.6		150.841
70.65		150.8
70.7		150.725
70.75		150.623
70.8		150.503
70.85		150.376
70.9		150.253
70.95		150.146
71		150.064
71.05		150.014
71.1		150
71.15		150.025
71.2		150.085
71.25		150.176
71.3		150.289
71.35		150.414
71.4		150.54
71.45		150.655
71.5		150.75
71.55		150.816
71.6		150.847
71.65		150.84
71.7		150.795
71.75		150.718
71.8		150.614
71.85		150.493
71.9		150.366
71.95		150.245
72		150.139
72.05		150.059
72.1		150.011
72.15		150.001
72.2		150.028
72.25		150.091
72.3		150.184
72.35		150.298
72.4		150.423
72.45		150.549
72.5		150.663
72.55		150.756
72.6		150.82
72.65		150.847
72.7		150.837
72.75		150.79
72.8		150.711
72.85		150.605
72.9		150.484
72.95		150.357
73		150.236
73.05		150.132
73.1		150.054
73.15		150.009
73.2		150.002
73.25		150.032
73.3		150.097
73.35		150.192
73.4		150.307
73.45		150.433
73.5		150.558
73.55		150.671
73.6		150.762
73.65		150.823
73.7		150.848
73.75		150.835
73.8		150.786
73.85		150.704
73.9		150.597
73.95		150.474
74		150.347
74.05		150.227
74.1		150.125
74.15		150.049
74.2		150.007
74.25		150.003
74.3		150.036
74.35		150.103
74.4		150.2
74.45		150.316
74.5		150.443
74.55		150.567
74.6		150.679
74.65		150.768
74.7		150.826
74.75		150.848
74.8		150.833
74.85		150.78
74.9		150.696
74.95		150.588
75		150.465
75.05		150.338
75.1		150.219
75.15		150.118
75.2		150.045
75.25		150.006
75.3		150.004
75.35		150.04
75.4		150.11
75.45		150.208
75.5		150.326
75.55		150.452
75.6		150.576
75.65		150.687
75.7		150.774
75.75		150.829
75.8		150.849
75.85		150.83
75.9		150.775
75.95		150.689
76		150.579
76.05		150.455
76.1		150.328
76.15		150.211
76.2		150.112
76.25		150.041
76.3		150.004
76.35		150.005
76.4		150.044
76.45		150.116
76.5		150.217
76.55		150.335
76.6		150.462
76.65		150.585
76.7		150.694
76.75		150.779
76.8		150.832
76.85		150.848
76.9		150.827
76.95		150.77
77		150.681
77.05		150.57
77.1		150.445
77.15		150.319
77.2		150.202
77.25		150.105
77.3		150.037
77.35		150.003
77.4		150.007
77.45		150.048
77.5		150.123
77.55		150.225
77.6		150.345
77.65		150.472
77.7		150.594
77.75		150.702
77.8		150.784
77.85		150.834
77.9		150.848
77.95		150.824
78		150.764
78.05		150.673
78.1		150.561
78.15		150.436
78.2		150.31
78.25		150.194
78.3		150.099
78.35		150.033
78.4		150.002
78.45		150.009
78.5		150.053
78.55		150.13
78.6		150.234
78.65		150.354
78.7		150.481
78.75		150.603
78.8		150.709
78.85		150.789
78.9		150.837
78.95		150.848
79		150.821
79.05		150.758
79.1		150.666
79.15		150.552
79.2		150.426
79.25		150.301
79.3		150.186
79.35		150.093
79.4		150.029
79.45		150.001
79.5		150.011
79.55		150.058
79.6		150.137
79.65		150.242
79.7		150.364
79.75		150.491
79.8		150.612
79.85		150.716
79.9		150.794
79.95		150.839
80		150.847
80.05		150.817
80.1		150.752
80.15		150.658
80.2		150.542
80.25		150.416
80.3		150.291
80.35		150.178
80.4		150.087
80.45		150.026
80.5		150.001
80.55		150.013
80.6		150.062
80.65		150.144
80.7		150.251
80.75		150.373
80.8		150.5
80.85		150.62
80.9		150.723
80.95		150.799
81		150.841
81.05		150.846
81.1		150.813
81.15		150.746
81.2		150.649
81.25		150.533
81.3		150.407
81.35		150.282
81.4		150.17
81.45		150.081
81.5		150.023
81.55		150
81.6		150.016
81.65		150.068
81.7		150.152
81.75		150.26
81.8		150.383
81.85		150.51
81.9		150.629
81.95		150.73
82		150.803
82.05		150.843
82.1		150.845
82.15		150.809
82.2		150.739
82.25		150.641
82.3		150.524
82.35		150.397
82.4		150.273
82.45		150.163
82.5		150.076
82.55		150.02
82.6		150
82.65		150.018
82.7		150.073
82.75		150.159
82.8		150.269
82.85		150.392
82.9		150.519
82.95		150.637
83		150.736
83.05		150.807
83.1		150.844
83.15		150.843
83.2		150.805
83.25		150.733
83.3		150.633
83.35		150.514
83.4		150.388
83.45		150.264
83.5		150.155
83.55		150.07
83.6		150.017
83.65		150
83.7		150.021
83.75		150.078
83.8		150.167
83.85		150.278
83.9		150.402
83.95		150.528
84		150.645
84.05		150.743
84.1		150.811
84.15		150.845
84.2		150.842
84.25		150.801
84.3		150.726
84.35		150.624
84.4		150.505
84.45		150.378
84.5		150.255
84.55		150.148
84.6		150.065
84.65		150.014
84.7		150
84.75		150.024
84.8		150.084
84.85		150.174
84.9		150.287
84.95		150.412
85		150.538
85.05		150.654
85.1		150.749
85.15		150.815
85.2		150.846
85.25		150.84
85.3		150.796
85.35		150.719
85.4		150.616
85.45		150.495
85.5		150.368
85.55		150.247
85.6		150.141
85.65		150.06
85.7		150.012
85.75		150.001
85.8		150.028
85.85		150.09
85.9		150.182
85.95		150.296
86		150.421
86.05		150.547
86.1		150.662
86.15		150.755
86.2		150.819
86.25		150.847
86.3		150.838
86.35		150.792
86.4		150.712
86.45		150.607
86.5		150.486
86.55		150.359
86.6		150.238
86.65		150.133
86.7		150.055
86.75		150.01
86.8		150.002
86.85		150.031
86.9		150.096
86.95		150.19
87		150.305
87.05		150.431
87.1		150.556
87.15		150.67
87.2		150.761
87.25		150.822
87.3		150.848
87.35		150.836
87.4		150.787
87.45		150.705
87.5		150.598
87.55		150.476
87.6		150.349
87.65		150.229
87.7		150.126
87.75		150.05
87.8		150.008
87.85		150.002
87.9		150.035
87.95		150.102
88		150.198
88.05		150.315
88.1		150.441
88.15		150.565
88.2		150.677
88.25		150.767
88.3		150.826
88.35		150.848
88.4		150.833
88.45		150.781
88.5		150.698
88.55		150.59
88.6		150.467
88.65		150.34
88.7		150.221
88.75		150.12
88.8		150.046
88.85		150.006
88.9		150.004
88.95		150.039
89		150.109
89.05		150.206
89.1		150.324
89.15		150.45
89.2		150.574
89.25		150.685
89.3		150.772
89.35		150.829
89.4		150.849
89.45		150.831
89.5		150.776
89.55		150.69
89.6		150.581
89.65		150.457
89.7		150.33
89.75		150.212
89.8		150.113
89.85		150.042
89.9		150.005
89.95		150.005
90		150.043
90.05		150.115
90.1		150.215
90.15		150.333
90.2		150.46
90.25		150.583
90.3		150.693
90.35		150.778
90.4		150.831
90.45		150.848
90.5		150.828
90.55		150.771
90.6		150.683
90.65		150.572
90.7		150.447
90.75		150.321
90.8		150.204
90.85		150.107
90.9		150.038
90.95		150.003
91		150.007
91.05		150.047
91.1		150.122
91.15		150.223
91.2		150.343
91.25		150.47
91.3		150.592
91.35		150.7
91.4		150.783
91.45		150.834
91.5		150.848
91.55		150.825
91.6		150.765
91.65		150.675
91.7		150.563
91.75		150.438
91.8		150.312
91.85		150.196
91.9		150.1
91.95		150.034
92		150.002
92.05		150.008
92.1		150.052
92.15		150.129
92.2		150.232
92.25		150.352
92.3		150.479
92.35		150.601
92.4		150.707
92.45		150.788
92.5		150.836
92.55		150.848
92.6		150.821
92.65		150.759
92.7		150.667
92.75		150.553
92.8		150.428
92.85		150.302
92.9		150.188
92.95		150.094
93		150.03
93.05		150.001
93.1		150.01
93.15		150.057
93.2		150.136
93.25		150.24
93.3		150.362
93.35		150.489
93.4		150.61
93.45		150.714
93.5		150.793
93.55		150.839
93.6		150.847
93.65		150.818
93.7		150.753
93.75		150.659
93.8		150.544
93.85		150.418
93.9		150.293
93.95		150.18
94		150.088
94.05		150.027
94.1		150.001
94.15		150.013
94.2		150.061
94.25		150.143
94.3		150.249
94.35		150.371
94.4		150.498
94.45		150.618
94.5		150.721
94.55		150.798
94.6		150.841
94.65		150.846
94.7		150.814
94.75		150.747
94.8		150.651
94.85		150.535
94.9		150.409
94.95		150.284
95		150.172
95.05		150.082
95.1		150.023
95.15		150
95.2		150.015
95.25		150.067
95.3		150.15
95.35		150.258
95.4		150.381
95.45		150.508
95.5		150.627
95.55		150.728
95.6		150.802
95.65		150.842
95.7		150.845
95.75		150.81
95.8		150.741
95.85		150.643
95.9		150.526
95.95		150.399
96		150.275
96.05		150.164
96.1		150.077
96.15		150.02
96.2		150
96.25		150.018
96.3		150.072
96.35		150.157
96.4		150.267
96.45		150.391
96.5		150.517
96.55		150.635
96.6		150.735
96.65		150.806
96.7		150.844
96.75		150.844
96.8		150.806
96.85		150.734
96.9		150.635
96.95		150.516
97		150.39
97.05		150.266
97.1		150.157
97.15		150.071
97.2		150.017
97.25		150
97.3		150.021
97.35		150.077
97.4		150.165
97.45		150.276
97.5		150.4
97.55		150.526
97.6		150.644
97.65		150.741
97.7		150.811
97.75		150.845
97.8		150.842
97.85		150.802
97.9		150.727
97.95		150.626
98		150.507
98.05		150.38
98.1		150.257
98.15		150.149
98.2		150.066
98.25		150.015
98.3		150
98.35		150.024
98.4		150.083
98.45		150.173
98.5		150.285
98.55		150.41
98.6		150.536
98.65		150.652
98.7		150.748
98.75		150.814
98.8		150.846
98.85		150.84
98.9		150.797
98.95		150.721
99		150.618
99.05		150.497
99.1		150.37
99.15		150.248
99.2		150.142
99.25		150.061
99.3		150.012
99.35		150.001
99.4		150.027
99.45		150.089
99.5		150.181
99.55		150.294
99.6		150.419
99.65		150.545
99.7		150.66
99.75		150.754
99.8		150.818
99.85		150.847
99.9		150.838
99.95		150.793
100		150.714
100.05		150.609
100.1		150.488
100.15		150.361
100.2		150.24
100.25		150.135
100.3		150.056
100.35		150.01
100.4		150.001
100.45		150.03
100.5		150.095
100.55		150.188
100.6		150.303
100.65		150.429
100.7		150.554
100.75		150.668
100.8		150.76
100.85		150.822
100.9		150.848
100.95		150.836
101		150.788
101.05		150.707
101.1		150.6
101.15		150.478
101.2		150.351
101.25		150.231
101.3		150.128
101.35		150.051
101.4		150.008
101.45		150.002
101.5		150.034
101.55		150.101
101.6		150.197
101.65		150.313
101.7		150.439
101.75		150.563
101.8		150.676
101.85		150.766
101.9		150.825
101.95		150.848
102		150.834
102.05		150.783
102.1		150.699
102.15		150.591
102.2		150.469
102.25		150.342
102.3		150.222
102.35		150.121
102.4		150.047
102.45		150.006
102.5		150.003
102.55		150.038
102.6		150.107
102.65		150.205
102.7		150.322
102.75		150.448
102.8		150.573
102.85		150.683
102.9		150.771
102.95		150.828
103		150.848
103.05		150.831
103.1		150.777
103.15		150.692
103.2		150.583
103.25		150.459
103.3		150.332
103.35		150.214
103.4		150.114
103.45		150.043
103.5		150.005
103.55		150.005
103.6		150.042
103.65		150.114
103.7		150.213
103.75		150.331
103.8		150.458
103.85		150.582
103.9		150.691
103.95		150.777
104		150.831
104.05		150.849
104.1		150.828
104.15		150.772
104.2		150.684
104.25		150.574
104.3		150.449
104.35		150.323
104.4		150.206
104.45		150.108
104.5		150.038
104.55		150.004
104.6		150.006
104.65		150.046
104.7		150.12
104.75		150.221
104.8		150.341
104.85		150.468
104.9		150.59
104.95		150.698
105		150.782
105.05		150.833
105.1		150.848
105.15		150.825
105.2		150.766
105.25		150.677
105.3		150.564
105.35		150.44
105.4		150.314
105.45		150.197
105.5		150.102
105.55		150.035
105.6		150.002
105.65		150.008
105.7		150.051
105.75		150.127
105.8		150.23
105.85		150.35
105.9		150.477
105.95		150.599
106		150.706
106.05		150.787
106.1		150.836
106.15		150.848
106.2		150.822
106.25		150.76
106.3		150.669
106.35		150.555
106.4		150.43
106.45		150.304
106.5		150.189
106.55		150.095
106.6		150.031
106.65		150.001
106.7		150.01
106.75		150.056
106.8		150.134
106.85		150.239
106.9		150.36
106.95		150.487
107		150.608
107.05		150.713
107.1		150.792
107.15		150.838
107.2		150.847
107.25		150.818
107.3		150.754
107.35		150.661
107.4		150.546
107.45		150.42
107.5		150.295
107.55		150.181
107.6		150.089
107.65		150.027
107.7		150.001
107.75		150.012
107.8		150.06
107.85		150.141
107.9		150.247
107.95		150.369
108		150.496
108.05		150.617
108.1		150.72
108.15		150.797
108.2		150.84
108.25		150.846
108.3		150.815
108.35		150.748
108.4		150.653
108.45		150.537
108.5		150.411
108.55		150.286
108.6		150.174
108.65		150.084
108.7		150.024
108.75		150
108.8		150.015
108.85		150.065
108.9		150.148
108.95		150.256
109		150.379
109.05		150.506
109.1		150.625
109.15		150.727
109.2		150.801
109.25		150.842
109.3		150.845
109.35		150.811
109.4		150.742
109.45		150.645
109.5		150.528
109.55		150.401
109.6		150.277
109.65		150.166
109.7		150.078
109.75		150.021
109.8		150
109.85		150.017
109.9		150.071
109.95		150.156
110		150.265
110.05		150.389
110.1		150.515
110.15		150.634
110.2		150.733
110.25		150.806
110.3		150.844
110.35		150.844
110.4		150.807
110.45		150.736
110.5		150.636
110.55		150.518
110.6		150.392
110.65		150.268
110.7		150.158
110.75		150.072
110.8		150.018
110.85		150
110.9		150.02
110.95		150.076
111		150.163
111.05		150.274
111.1		150.398
111.15		150.525
111.2		150.642
111.25		150.74
111.3		150.81
111.35		150.845
111.4		150.842
111.45		150.803
111.5		150.729
111.55		150.628
111.6		150.509
111.65		150.382
111.7		150.259
111.75		150.151
111.8		150.067
111.85		150.015
111.9		150
111.95		150.023
112		150.082
112.05		150.171
112.1		150.283
112.15		150.408
112.2		150.534
112.25		150.65
112.3		150.746
112.35		150.814
112.4		150.846
112.45		150.841
112.5		150.798
112.55		150.722
112.6		150.619
112.65		150.499
112.7		150.372
112.75		150.25
112.8		150.143
112.85		150.062
112.9		150.013
112.95		150.001
113		150.026
113.05		150.087
113.1		150.179
113.15		150.292
113.2		150.417
113.25		150.543
113.3		150.658
113.35		150.753
113.4		150.817
113.45		150.847
113.5		150.839
113.55		150.793
113.6		150.715
113.65		150.611
113.7		150.49
113.75		150.363
113.8		150.241
113.85		150.136
113.9		150.057
113.95		150.011
114		150.001
114.05		150.03
114.1		150.093
114.15		150.187
114.2		150.301
114.25		150.427
114.3		150.552
114.35		150.666
114.4		150.759
114.45		150.821
114.5		150.848
114.55		150.837
114.6		150.789
114.65		150.708
114.7		150.602
114.75		150.48
114.8		150.353
114.85		150.233
114.9		150.129
114.95		150.052
115		150.009
115.05		150.002
115.1		150.033
115.15		150.1
115.2		150.195
115.25		150.311
115.3		150.437
115.35		150.562
115.4		150.674
115.45		150.764
115.5		150.824
115.55		150.848
115.6		150.834
115.65		150.784
115.7		150.701
115.75		150.593
115.8		150.471
115.85		150.344
115.9		150.224
115.95		150.122
116		150.048
116.05		150.007
116.1		150.003
116.15		150.037
116.2		150.106
116.25		150.203
116.3		150.32
116.35		150.446
116.4		150.571
116.45		150.682
116.5		150.77
116.55		150.827
116.6		150.848
116.65		150.832
116.7		150.778
116.75		150.693
116.8		150.584
116.85		150.461
116.9		150.334
116.95		150.216
117		150.116
117.05		150.043
117.1		150.005
117.15		150.004
117.2		150.041
117.25		150.112
117.3		150.211
117.35		150.329
117.4		150.456
117.45		150.58
117.5		150.689
117.55		150.776
117.6		150.83
117.65		150.849
117.7		150.829
117.75		150.773
117.8		150.686
117.85		150.575
117.9		150.451
117.95		150.325
118		150.207
118.05		150.109
118.1		150.039
118.15		150.004
118.2		150.006
118.25		150.045
118.3		150.119
118.35		150.22
118.4		150.339
118.45		150.466
118.5		150.589
118.55		150.697
118.6		150.781
118.65		150.833
118.7		150.848
118.75		150.826
118.8		150.767
118.85		150.678
118.9		150.566
118.95		150.442
119		150.316
119.05		150.199
119.1		150.103
119.15		150.035
119.2		150.003
119.25		150.008
119.3		150.05
119.35		150.126
119.4		150.228
119.45		150.348
119.5		150.475
119.55		150.597
119.6		150.704
119.65		150.786
119.7		150.835
119.75		150.848
119.8		150.823
119.85		150.762
119.9		150.67
119.95		150.557
120		150.432
120.05		150.306
120.1		150.191
120.15		150.097
120.2		150.032
120.25		150.002
120.3		150.01
120.35		150.055
120.4		150.133
120.45		150.237
120.5		150.358
120.55		150.485
120.6		150.606
120.65		150.711
120.7		150.791
120.75		150.838
120.8		150.847
120.85		150.819
120.9		150.756
120.95		150.663
121		150.548
121.05		150.422
121.1		150.297
121.15		150.183
121.2		150.091
121.25		150.028
121.3		150.001
121.35		150.012
121.4		150.059
121.45		150.14
121.5		150.246
121.55		150.367
121.6		150.494
121.65		150.615
121.7		150.718
121.75		150.796
121.8		150.84
121.85		150.847
121.9		150.816
121.95		150.75
122		150.654
122.05		150.539
122.1		150.413
122.15		150.288
122.2		150.175
122.25		150.085
122.3		150.025
122.35		150
122.4		150.014
122.45		150.064
122.5		150.147
122.55		150.254
122.6		150.377
122.65		150.504
122.7		150.623
122.75		150.725
122.8		150.8
122.85		150.842
122.9		150.846
122.95		150.812
123		150.743
123.05		150.646
123.1		150.529
123.15		150.403
123.2		150.279
123.25		150.167
123.3		150.079
123.35		150.022
123.4		150
123.45		150.017
123.5		150.07
123.55		150.154
123.6		150.263
123.65		150.387
123.7		150.513
123.75		150.632
123.8		150.732
123.85		150.805
123.9		150.843
123.95		150.844
124		150.808
124.05		150.737
124.1		150.638
124.15		150.52
124.2		150.394
124.25		150.27
124.3		150.16
124.35		150.074
124.4		150.019
124.45		150
124.5		150.019
124.55		150.075
124.6		150.162
124.65		150.272
124.7		150.396
124.75		150.523
124.8		150.64
124.85		150.739
124.9		150.809
124.95		150.845
125		150.843
125.05		150.804
125.1		150.73
125.15		150.63
125.2		150.511
125.25		150.384
125.3		150.261
125.35		150.152
125.4		150.068
125.45		150.016
125.5		150
125.55		150.022
125.6		150.081
125.65		150.169
125.7		150.281
125.75		150.406
125.8		150.532
125.85		150.649
125.9		150.745
125.95		150.813
126		150.846
126.05		150.841
126.1		150.799
126.15		150.724
126.2		150.621
126.25		150.501
126.3		150.374
126.35		150.252
126.4		150.145
126.45		150.063
126.5		150.013
126.55		150
126.6		150.026
126.65		150.086
126.7		150.177
126.75		150.29
126.8		150.415
126.85		150.541
126.9		150.657
126.95		150.751
127		150.817
127.05		150.847
127.1		150.839
127.15		150.794
127.2		150.717
127.25		150.613
127.3		150.492
127.35		150.365
127.4		150.243
127.45		150.138
127.5		150.058
127.55		150.011
127.6		150.001
127.65		150.029
127.7		150.092
127.75		150.185
127.8		150.3
127.85		150.425
127.9		150.551
127.95		150.665
128		150.757
128.05		150.82
128.1		150.848
128.15		150.837
128.2		150.79
128.25		150.71
128.3		150.604
128.35		150.482
128.4		150.355
128.45		150.235
128.5		150.131
128.55		150.053
128.6		150.009
128.65		150.002
128.7		150.033
128.75		150.098
128.8		150.193
128.85		150.309
128.9		150.435
128.95		150.56
129		150.673
129.05		150.763
129.1		150.824
129.15		150.848
129.2		150.835
129.25		150.785
129.3		150.702
129.35		150.595
129.4		150.473
129.45		150.346
129.5		150.226
129.55		150.124
129.6		150.049
129.65		150.007
129.7		150.003
129.75		150.036
129.8		150.105
129.85		150.201
129.9		150.318
129.95		150.444
130		150.569
130.05		150.68
130.1		150.769
130.15		150.827
130.2		150.848
130.25		150.832
130.3		150.779
130.35		150.695
130.4		150.586
130.45		150.463
130.5		150.336
130.55		150.217
130.6		150.117
130.65		150.044
130.7		150.005
130.75		150.004
130.8		150.04
130.85		150.111
130.9		150.21
130.95		150.327
131		150.454
131.05		150.578
131.1		150.688
131.15		150.774
131.2		150.83
131.25		150.849
131.3		150.829
131.35		150.774
131.4		150.687
131.45		150.577
131.5		150.453
131.55		150.327
131.6		150.209
131.65		150.111
131.7		150.04
131.75		150.004
131.8		150.006
131.85		150.045
131.9		150.118
131.95		150.218
132		150.337
132.05		150.464
132.1		150.587
132.15		150.695
132.2		150.78
132.25		150.832
132.3		150.848
132.35		150.826
132.4		150.769
132.45		150.68
132.5		150.568
132.55		150.444
132.6		150.318
132.65		150.201
132.7		150.104
132.75		150.036
132.8		150.003
132.85		150.007
132.9		150.049
132.95		150.124
133		150.226
133.05		150.346
133.1		150.473
133.15		150.596
133.2		150.703
133.25		150.785
133.3		150.835
133.35		150.848
133.4		150.823
133.45		150.763
133.5		150.672
133.55		150.559
133.6		150.434
133.65		150.308
133.7		150.193
133.75		150.098
133.8		150.032
133.85		150.002
133.9		150.009
133.95		150.054
134		150.131
134.05		150.235
134.1		150.356
134.15		150.483
134.2		150.604
134.25		150.71
134.3		150.79
134.35		150.837
134.4		150.848
134.45		150.82
134.5		150.757
134.55		150.664
134.6		150.55
134.65		150.424
134.7		150.299
134.75		150.185
134.8		150.092
134.85		150.029
134.9		150.001
134.95		150.011
135		150.058
135.05		150.138
135.1		150.244
135.15		150.365
135.2		150.492
135.25		150.613
135.3		150.717
135.35		150.795
135.4		150.839
135.45		150.847
135.5		150.816
135.55		150.751
135.6		150.656
135.65		150.541
135.7		150.415
135.75		150.29
135.8		150.177
135.85		150.086
135.9		150.025
135.95		150
136		150.014
136.05		150.063
136.1		150.145
136.15		150.252
136.2		150.375
136.25		150.502
136.3		150.622
136.35		150.724
136.4		150.799
136.45		150.841
136.5		150.846
136.55		150.813
136.6		150.745
136.65		150.648
136.7		150.531
136.75		150.405
136.8		150.281
136.85		150.169
136.9		150.08
136.95		150.022
137		150
137.05		150.016
137.1		150.068
137.15		150.153
137.2		150.261
137.25		150.385
137.3		150.511
137.35		150.63
137.4		150.731
137.45		150.804
137.5		150.843
137.55		150.845
137.6		150.809
137.65		150.738
137.7		150.64
137.75		150.522
137.8		150.396
137.85		150.272
137.9		150.161
137.95		150.075
138		150.019
138.05		150
138.1		150.019
138.15		150.074
138.2		150.16
138.25		150.27
138.3		150.394
138.35		150.521
138.4		150.639
138.45		150.737
138.5		150.808
138.55		150.844
138.6		150.843
138.65		150.804
138.7		150.732
138.75		150.631
138.8		150.513
138.85		150.386
138.9		150.263
138.95		150.154
139		150.069
139.05		150.016
139.1		150
139.15		150.022
139.2		150.079
139.25		150.168
139.3		150.279
139.35		150.404
139.4		150.53
139.45		150.647
139.5		150.744
139.55		150.812
139.6		150.846
139.65		150.841
139.7		150.8
139.75		150.725
139.8		150.623
139.85		150.503
139.9		150.376
139.95		150.254
140		150.147
140.05		150.064
140.1		150.014
140.15		150
140.2		150.025
140.25		150.085
140.3		150.176
140.35		150.288
140.4		150.413
140.45		150.539
140.5		150.655
140.55		150.75
140.6		150.816
140.65		150.847
140.7		150.84
140.75		150.795
140.8		150.718
140.85		150.614
140.9		150.494
140.95		150.367
141		150.245
141.05		150.139
141.1		150.059
141.15		150.012
141.2		150.001
141.25		150.028
141.3		150.091
141.35		150.184
141.4		150.298
141.45		150.423
141.5		150.549
141.55		150.663
141.6		150.756
141.65		150.819
141.7		150.847
141.75		150.838
141.8		150.791
141.85		150.711
141.9		150.606
141.95		150.484
142		150.357
142.05		150.236
142.1		150.132
142.15		150.054
142.2		150.009
142.25		150.002
142.3		150.032
142.35		150.097
142.4		150.192
142.45		150.307
142.5		150.433
142.55		150.558
142.6		150.671
142.65		150.762
142.7		150.823
142.75		150.848
142.8		150.835
142.85		150.786
142.9		150.704
142.95		150.597
143		150.475
143.05		150.348
143.1		150.228
143.15		150.125
143.2		150.05
143.25		150.007
143.3		150.003
143.35		150.036
143.4		150.103
143.45		150.2
143.5		150.316
143.55		150.442
143.6		150.567
143.65		150.679
143.7		150.768
143.75		150.826
143.8		150.848
143.85		150.833
143.9		150.781
143.95		150.697
144		150.588
144.05		150.465
144.1		150.338
144.15		150.219
144.2		150.119
144.25		150.045
144.3		150.006
144.35		150.004
144.4		150.04
144.45		150.11
144.5		150.208
144.55		150.326
144.6		150.452
144.65		150.576
144.7		150.686
144.75		150.773
144.8		150.829
144.85		150.849
144.9		150.83
144.95		150.775
145		150.689
145.05		150.579
145.1		150.455
145.15		150.329
145.2		150.211
145.25		150.112
145.3		150.041
145.35		150.004
145.4		150.005
145.45		150.044
145.5		150.116
145.55		150.216
145.6		150.335
145.65		150.462
145.7		150.585
145.75		150.694
145.8		150.779
145.85		150.832
145.9		150.848
145.95		150.827
146		150.77
146.05		150.681
146.1		150.57
146.15		150.446
146.2		150.319
146.25		150.203
146.3		150.105
146.35		150.037
146.4		150.003
146.45		150.007
146.5		150.048
146.55		150.123
146.6		150.225
146.65		150.344
146.7		150.471
146.75		150.594
146.8		150.701
146.85		150.784
146.9		150.834
146.95		150.848
147		150.824
147.05		150.764
147.1		150.674
147.15		150.561
147.2		150.436
147.25		150.31
147.3		150.194
147.35		150.099
147.4		150.033
147.45		150.002
147.5		150.009
147.55		150.053
147.6		150.13
147.65		150.233
147.7		150.354
147.75		150.481
147.8		150.603
147.85		150.708
147.9		150.789
147.95		150.837
148		150.848
148.05		150.821
148.1		150.758
148.15		150.666
148.2		150.552
148.25		150.426
148.3		150.301
148.35		150.186
148.4		150.093
148.45		150.029
148.5		150.001
148.55		150.011
148.6		150.057
148.65		150.137
148.7		150.242
148.75		150.363
148.8		150.49
148.85		150.611
148.9		150.716
148.95		150.794
149		150.839
149.05		150.847
149.1		150.817
149.15		150.752
149.2		150.658
149.25		150.543
149.3		150.417
149.35		150.292
149.4		150.178
149.45		150.087
149.5		150.026
149.55		150.001
149.6		150.013
149.65		150.062
149.7		150.144
149.75		150.251
149.8		150.373
149.85		150.5
149.9		150.62
149.95		150.723
150		150.798
150.05		150.841
150.1		150.846
150.15		150.813
150.2		150.746
150.25		150.65
150.3		150.533
150.35		150.407
150.4		150.283
150.45		150.171
150.5		150.081
150.55		150.023
150.6		150
150.65		150.016
150.7		150.067
150.75		150.151
150.8		150.26
150.85		150.383
150.9		150.509
150.95		150.628
151		150.729
151.05		150.803
151.1		150.843
151.15		150.845
151.2		150.809
151.25		150.74
151.3		150.642
151.35		150.524
151.4		150.398
151.45		150.274
151.5		150.163
151.55		150.076
151.6		150.02
151.65		150
151.7		150.018
151.75		150.073
151.8		150.159
151.85		150.268
151.9		150.392
151.95		150.519
152		150.637
152.05		150.736
152.1		150.807
152.15		150.844
152.2		150.843
152.25		150.805
152.3		150.733
152.35		150.633
152.4		150.515
152.45		150.388
152.5		150.265
152.55		150.155
152.6		150.07
152.65		150.017
152.7		150
152.75		150.021
152.8		150.078
152.85		150.166
152.9		150.277
152.95		150.402
153		150.528
153.05		150.645
153.1		150.742
153.15		150.811
153.2		150.845
153.25		150.842
153.3		150.801
153.35		150.726
153.4		150.625
153.45		150.505
153.5		150.378
153.55		150.256
153.6		150.148
153.65		150.065
153.7		150.014
153.75		150
153.8		150.024
153.85		150.084
153.9		150.174
153.95		150.287
154		150.411
154.05		150.537
154.1		150.653
154.15		150.749
154.2		150.815
154.25		150.846
154.3		150.84
154.35		150.796
154.4		150.719
154.45		150.616
154.5		150.496
154.55		150.369
154.6		150.247
154.65		150.141
154.7		150.06
154.75		150.012
154.8		150.001
154.85		150.028
154.9		150.09
154.95		150.182
155		150.296
155.05		150.421
155.1		150.547
155.15		150.661
155.2		150.755
155.25		150.819
155.3		150.847
155.35		150.838
155.4		150.792
155.45		150.712
155.5		150.608
155.55		150.486
155.6		150.359
155.65		150.238
155.7		150.134
155.75		150.055
155.8		150.01
155.85		150.002
155.9		150.031
155.95		150.096
156		150.19
156.05		150.305
156.1		150.431
156.15		150.556
156.2		150.669
156.25		150.761
156.3		150.822
156.35		150.848
156.4		150.836
156.45		150.787
156.5		150.705
156.55		150.599
156.6		150.477
156.65		150.35
156.7		150.229
156.75		150.127
156.8		150.051
156.85		150.008
156.9		150.002
156.95		150.035
157		150.102
157.05		150.198
157.1		150.314
157.15		150.44
157.2		150.565
157.25		150.677
157.3		150.767
157.35		150.825
157.4		150.848
157.45		150.833
157.5		150.782
157.55		150.698
157.6		150.59
157.65		150.467
157.7		150.34
157.75		150.221
157.8		150.12
157.85		150.046
157.9		150.006
157.95		150.004
158		150.039
158.05		150.108
158.1		150.206
158.15		150.324
158.2		150.45
158.25		150.574
158.3		150.685
158.35		150.772
158.4		150.828
158.45		150.849
158.5		150.831
158.55		150.776
158.6		150.691
158.65		150.581
158.7		150.457
158.75		150.331
158.8		150.213
158.85		150.113
158.9		150.042
158.95		150.005
159		150.005
159.05		150.043
159.1		150.115
159.15		150.214
159.2		150.333
159.25		150.46
159.3		150.583
159.35		150.692
159.4		150.778
159.45		150.831
159.5		150.848
159.55		150.828
159.6		150.771
159.65		150.683
159.7		150.572
159.75		150.448
159.8		150.321
159.85		150.204
159.9		150.107
159.95		150.038
160		150.003
160.05		150.007
160.1		150.047
160.15		150.121
160.2		150.223
160.25		150.342
160.3		150.469
160.35		150.592
160.4		150.7
160.45		150.783
160.5		150.834
160.55		150.848
160.6		150.825
160.65		150.765
160.7		150.675
160.75		150.563
160.8		150.438
160.85		150.312
160.9		150.196
160.95		150.1
161		150.034
161.05		150.002
161.1		150.008
161.15		150.052
161.2		150.128
161.25		150.231
161.3		150.352
161.35		150.479
161.4		150.601
161.45		150.707
161.5		150.788
161.55		150.836
161.6		150.848
161.65		150.821
161.7		150.759
161.75		150.667
161.8		150.554
161.85		150.428
161.9		150.303
161.95		150.188
162		150.094
162.05		150.03
162.1		150.001
162.15		150.01
162.2		150.056
162.25		150.135
162.3		150.24
162.35		150.361
162.4		150.488
162.45		150.61
162.5		150.714
162.55		150.793
162.6		150.838
162.65		150.847
162.7		150.818
162.75		150.753
162.8		150.66
162.85		150.545
162.9		150.419
162.95		150.294
163		150.18
163.05		150.088
163.1		150.027
163.15		150.001
163.2		150.013
163.25		150.061
163.3		150.142
163.35		150.249
163.4		150.371
163.45		150.498
163.5		150.618
163.55		150.721
163.6		150.797
163.65		150.84
163.7		150.846
163.75		150.814
163.8		150.747
163.85		150.651
163.9		150.535
163.95		150.409
164		150.284
164.05		150.172
164.1		150.083
164.15		150.023
164.2		150
164.25		150.015
164.3		150.066
164.35		150.15
164.4		150.258
164.45		150.381
164.5		150.507
164.55		150.627
164.6		150.728
164.65		150.802
164.7		150.842
164.75		150.845
164.8		150.81
164.85		150.741
164.9		150.643
164.95		150.526
165		150.4
165.05		150.275
165.1		150.165
165.15		150.077
165.2		150.02
165.25		150
165.3		150.018
165.35		150.072
165.4		150.157
165.45		150.267
165.5		150.39
165.55		150.517
165.6		150.635
165.65		150.735
165.7		150.806
165.75		150.844
165.8		150.844
165.85		150.806
165.9		150.734
165.95		150.635
166		150.517
166.05		150.39
166.1		150.266
166.15		150.157
166.2		150.071
166.25		150.018
166.3		150
166.35		150.02
166.4		150.077
166.45		150.165
166.5		150.276
166.55		150.4
166.6		150.526
166.65		150.643
166.7		150.741
166.75		150.81
166.8		150.845
166.85		150.842
166.9		150.802
166.95		150.728
167		150.626
167.05		150.507
167.1		150.38
167.15		150.257
167.2		150.15
167.25		150.066
167.3		150.015
167.35		150
167.4		150.024
167.45		150.083
167.5		150.172
167.55		150.285
167.6		150.409
167.65		150.535
167.7		150.652
167.75		150.747
167.8		150.814
167.85		150.846
167.9		150.84
167.95		150.797
168		150.721
168.05		150.618
168.1		150.498
168.15		150.371
168.2		150.249
168.25		150.142
168.3		150.061
168.35		150.012
168.4		150.001
168.45		150.027
168.5		150.088
168.55		150.18
168.6		150.294
168.65		150.419
168.7		150.545
168.75		150.66
168.8		150.754
168.85		150.818
168.9		150.847
168.95		150.838
169		150.793
169.05		150.714
169.1		150.609
169.15		150.488
169.2		150.361
169.25		150.24
169.3		150.135
169.35		150.056
169.4		150.01
169.45		150.001
169.5		150.03
169.55		150.094
169.6		150.188
169.65		150.303
169.7		150.429
169.75		150.554
169.8		150.668
169.85		150.76
169.9		150.821
169.95		150.848
170		150.836
170.05		150.788
170.1		150.707
170.15		150.601
170.2		150.479
170.25		150.352
170.3		150.231
170.35		150.128
170.4		150.052
170.45		150.008
170.5		150.002
170.55		150.034
170.6		150.101
170.65		150.196
170.7		150.312
170.75		150.438
170.8		150.563
170.85		150.675
170.9		150.765
170.95		150.825
171		150.848
171.05		150.834
171.1		150.783
171.15		150.7
171.2		150.592
171.25		150.469
171.3		150.342
171.35		150.223
171.4		150.121
171.45		150.047
171.5		150.006
171.55		150.003
171.6		150.038
171.65		150.107
171.7		150.204
171.75		150.322
171.8		150.448
171.85		150.572
171.9		150.683
171.95		150.771
172		150.828
172.05		150.848
172.1		150.831
172.15		150.777
172.2		150.692
172.25		150.583
172.3		150.459
172.35		150.333
172.4		150.214
172.45		150.115
172.5		150.043
172.55		150.005
172.6		150.005
172.65		150.042
172.7		150.113
172.75		150.213
172.8		150.331
172.85		150.458
172.9		150.581
172.95		150.691
173		150.776
173.05		150.831
173.1		150.849
173.15		150.828
173.2		150.772
173.25		150.685
173.3		150.574
173.35		150.45
173.4		150.323
173.45		150.206
173.5		150.108
173.55		150.039
173.6		150.004
173.65		150.006
173.7		150.046
173.75		150.12
173.8		150.221
173.85		150.34
173.9		150.467
173.95		150.59
174		150.698
174.05		150.782
174.1		150.833
174.15		150.848
174.2		150.825
174.25		150.766
174.3		150.677
174.35		150.565
174.4		150.44
174.45		150.314
174.5		150.198
174.55		150.102
174.6		150.035
174.65		150.002
174.7		150.008
174.75		150.051
174.8		150.127
174.85		150.23
174.9		150.35
174.95		150.477
175		150.599
175.05		150.706
175.1		150.787
175.15		150.836
175.2		150.848
175.25		150.822
175.3		150.761
175.35		150.669
175.4		150.556
175.45		150.43
175.5		150.305
175.55		150.19
175.6		150.096
175.65		150.031
175.7		150.001
175.75		150.01
175.8		150.055
175.85		150.134
175.9		150.238
175.95		150.359
176		150.486
176.05		150.608
176.1		150.713
176.15		150.792
176.2		150.838
176.25		150.847
176.3		150.819
176.35		150.755
176.4		150.661
176.45		150.546
176.5		150.421
176.55		150.295
176.6		150.182
176.65		150.09
176.7		150.027
176.75		150.001
176.8		150.012
176.85		150.06
176.9		150.141
176.95		150.247
177		150.369
177.05		150.496
177.1		150.616
177.15		150.72
177.2		150.797
177.25		150.84
177.3		150.846
177.35		150.815
177.4		150.749
177.45		150.653
177.5		150.537
177.55		150.411
177.6		150.286
177.65		150.174
177.7		150.084
177.75		150.024
177.8		150
177.85		150.014
177.9		150.065
177.95		150.148
178		150.256
178.05		150.379
178.1		150.505
178.15		150.625
178.2		150.727
178.25		150.801
178.3		150.842
178.35		150.845
178.4		150.811
178.45		150.742
178.5		150.645
178.55		150.528
178.6		150.402
178.65		150.277
178.7		150.166
178.75		150.078
178.8		150.021
178.85		150
178.9		150.017
178.95		150.07
179		150.156
179.05		150.265
179.1		150.388
179.15		150.515
179.2		150.633
179.25		150.733
179.3		150.805
179.35		150.843
179.4		150.844
179.45		150.807
179.5		150.736
179.55		150.637
179.6		150.518
179.65		150.392
179.7		150.268
179.75		150.159
179.8		150.073
179.85		150.018
179.9		150
179.95		150.02
180		150.076
180.05		150.163
180.1		150.274
180.15		150.398
180.2		150.524
180.25		150.642
180.3		150.74
180.35		150.81
180.4		150.845
180.45		150.843
180.5		150.803
180.55		150.729
180.6		150.628
180.65		150.509
180.7		150.382
180.75		150.259
180.8		150.151
180.85		150.067
180.9		150.015
180.95		150
181		150.023
181.05		150.082
181.1		150.171
181.15		150.283
181.2		150.407
181.25		150.534
181.3		150.65
181.35		150.746
181.4		150.813
181.45		150.846
181.5		150.841
181.55		150.798
181.6		150.722
181.65		150.62
181.7		150.5
181.75		150.373
181.8		150.25
181.85		150.144
181.9		150.062
181.95		150.013
182		150.001
182.05		150.026
182.1		150.087
182.15		150.179
182.2		150.292
182.25		150.417
182.3		150.543
182.35		150.658
182.4		150.752
182.45		150.817
182.5		150.847
182.55		150.839
182.6		150.794
182.65		150.715
182.7		150.611
182.75		150.49
182.8		150.363
182.85		150.242
182.9		150.137
182.95		150.057
183		150.011
183.05		150.001
183.1		150.03
183.15		150.093
183.2		150.187
183.25		150.301
183.3		150.427
183.35		150.552
183.4		150.666
183.45		150.758
183.5		150.821
183.55		150.848
183.6		150.837
183.65		150.789
183.7		150.708
183.75		150.602
183.8		150.481
183.85		150.354
183.9		150.233
183.95		150.13
184		150.052
184.05		150.009
184.1		150.002
184.15		150.033
184.2		150.099
184.25		150.195
184.3		150.31
184.35		150.436
184.4		150.561
184.45		150.674
184.5		150.764
184.55		150.824
184.6		150.848
184.65		150.834
184.7		150.784
184.75		150.701
184.8		150.594
184.85		150.471
184.9		150.344
184.95		150.224
185		150.123
185.05		150.048
185.1		150.007
185.15		150.003
185.2		150.037
185.25		150.106
185.3		150.203
185.35		150.32
185.4		150.446
185.45		150.57
185.5		150.682
185.55		150.77
185.6		150.827
185.65		150.848
185.7		150.832
185.75		150.779
185.8		150.694
185.85		150.585
185.9		150.461
185.95		150.335
186		150.216
186.05		150.116
186.1		150.044
186.15		150.005
186.2		150.004
186.25		150.041
186.3		150.112
186.35		150.211
186.4		150.329
186.45		150.456
186.5		150.579
186.55		150.689
186.6		150.775
186.65		150.83
186.7		150.849
186.75		150.829
186.8		150.773
186.85		150.686
186.9		150.576
186.95		150.452
187		150.325
187.05		150.208
187.1		150.109
187.15		150.039
187.2		150.004
187.25		150.006
187.3		150.045
187.35		150.119
187.4		150.219
187.45		150.338
187.5		150.465
187.55		150.588
187.6		150.697
187.65		150.781
187.7		150.833
187.75		150.848
187.8		150.826
187.85		150.768
187.9		150.679
187.95		150.567
188		150.442
188.05		150.316
188.1		150.199
188.15		150.103
188.2		150.035
188.25		150.003
188.3		150.008
188.35		150.05
188.4		150.125
188.45		150.228
188.5		150.348
188.55		150.475
188.6		150.597
188.65		150.704
188.7		150.786
188.75		150.835
188.8		150.848
188.85		150.823
188.9		150.762
188.95		150.671
189		150.558
189.05		150.432
189.1		150.307
189.15		150.191
189.2		150.097
189.25		150.032
189.3		150.002
189.35		150.009
189.4		150.054
189.45		150.132
189.5		150.237
189.55		150.357
189.6		150.484
189.65		150.606
189.7		150.711
189.75		150.791
189.8		150.838
189.85		150.847
189.9		150.819
189.95		150.756
190		150.663
190.05		150.548
190.1		150.423
190.15		150.297
190.2		150.183
190.25		150.091
190.3		150.028
190.35		150.001
190.4		150.012
190.45		150.059
190.5		150.139
190.55		150.245
190.6		150.367
190.65		150.494
190.7		150.615
190.75		150.718
190.8		150.796
190.85		150.84
190.9		150.847
190.95		150.816
191		150.75
191.05		150.655
191.1		150.539
191.15		150.413
191.2		150.288
191.25		150.175
191.3		150.085
191.35		150.025
191.4		150
191.45		150.014
191.5		150.064
191.55		150.147
191.6		150.254
191.65		150.377
191.7		150.503
191.75		150.623
191.8		150.725
191.85		150.8
191.9		150.842
191.95		150.846
192		150.812
192.05		150.744
192.1		150.647
192.15		150.53
192.2		150.404
192.25		150.279
192.3		150.168
192.35		150.079
192.4		150.022
192.45		150
192.5		150.016
192.55		150.069
192.6		150.154
192.65		150.263
192.7		150.386
192.75		150.513
192.8		150.632
192.85		150.732
192.9		150.804
192.95		150.843
193		150.844
193.05		150.808
193.1		150.737
193.15		150.638
193.2		150.52
193.25		150.394
193.3		150.27
193.35		150.16
193.4		150.074
193.45		150.019
193.5		150
193.55		150.019
193.6		150.075
193.65		150.162
193.7		150.272
193.75		150.396
193.8		150.522
193.85		150.64
193.9		150.738
193.95		150.809
194		150.845
194.05		150.843
194.1		150.804
194.15		150.731
194.2		150.63
194.25		150.511
194.3		150.384
194.35		150.261
194.4		150.153
194.45		150.068
194.5		150.016
194.55		150
194.6		150.022
194.65		150.08
194.7		150.169
194.75		150.281
194.8		150.405
194.85		150.532
194.9		150.648
194.95		150.745
195		150.813
195.05		150.846
195.1		150.841
195.15		150.799
195.2		150.724
195.25		150.621
195.3		150.502
195.35		150.375
195.4		150.252
195.45		150.145
195.5		150.063
195.55		150.013
195.6		150
195.65		150.025
195.7		150.086
195.75		150.177
195.8		150.29
195.85		150.415
195.9		150.541
195.95		150.656
196		150.751
196.05		150.816
196.1		150.847
196.15		150.839
196.2		150.795
196.25		150.717
196.3		150.613
196.35		150.492
196.4		150.365
196.45		150.244
196.5		150.138
196.55		150.058
196.6		150.011
196.65		150.001
196.7		150.029
196.75		150.092
196.8		150.185
196.85		150.299
196.9		150.425
196.95		150.55
197		150.664
197.05		150.757
197.1		150.82
197.15		150.848
197.2		150.837
197.25		150.79
197.3		150.71
197.35		150.604
197.4		150.483
197.45		150.356
197.5		150.235
197.55		150.131
197.6		150.053
197.65		150.009
197.7		150.002
197.75		150.032
197.8		150.098
197.85		150.193
197.9		150.308
197.95		150.434
198		150.559
198.05		150.672
198.1		150.763
198.15		150.823
198.2		150.848
198.25		150.835
198.3		150.785
198.35		150.703
198.4		150.595
198.45		150.473
198.5		150.346
198.55		150.226
198.6		150.124
198.65		150.049
198.7		150.007
198.75		150.003
198.8		150.036
198.85		150.104
198.9		150.201
198.95		150.318
199		150.444
199.05		150.568
199.1		150.68
199.15		150.769
199.2		150.827
199.25		150.848
199.3		150.832
199.35		150.78
199.4		150.695
199.45		150.587
199.5		150.463
199.55		150.337
199.6		150.218
199.65		150.117
199.7		150.044
199.75		150.006
199.8		150.004
199.85		150.04
199.9		150.111
199.95		150.209
